Some((
    red: 0.47843137,
    green: 0.6352942,
    blue: 0.96862745,
))