Some((
    red: 0.8117647,
    green: 0.7882353,
    blue: 0.7607843,
))